start=2548.546000
fullscreen=yes
sub-delay=-2.000000
